%YAML:1.0
---
in_left:
   -
      width: 752
      height: 480
      fx: 429.494704
      fy: 432.354809
      cx: 387.041710
      cy: 222.041496
      model: 0
      coeffs: [ -0.321266, 0.079430, 0.001560, -0.001053, 0.000000 ]
in_right:
   -
      width: 752
      height: 480
      fx: 420.844623
      fy: 423.333399
      cx: 354.669928
      cy: 246.763577
      model: 0
      coeffs: [ -0.302812, 0.069112, -0.000329, 0.003218, 0.000000 ]
ex_right_to_left:
   rotation: [ 9.9999499286068050e-01, 2.1812092148240092e-03,
       2.2927232560384578e-03, -2.1846160025519798e-03,
       9.9999651190876171e-01, 1.4844605859376939e-03,
       -2.2894773397014795e-03, -1.4894618729512697e-03,
       9.9999626989146317e-01  ]
   translation: [ -1.2012287613480985e-01, 1.5545307239426463e-04,
       4.1721447382553041e-03  ]
